16   0
18   0
24   0
20   0
23   0
25   0
31   0
28   0
34   0
39   0
40   0
43   0
47   0
49   0
54   0
59   0
55   0
62   0
60   0
58   0
65   0
71   0
66   0
67   0
76   0
77   0
78   0
94   0
88   0
101   0
101   0
101   0
110   0
104   0
97   0
97   0
116   0
110   0
120   0
119   0
126   0
119   0
125   0
122   0
124   0
139   0
129   0
115   0
144   0
133   0
130   0
141   0
148   0
166   0
164   0
163   0
148   0
147   0
150   0
141   0
151   0
154   0
162   0
165   0
175   0
168   0
173   0
174   0
185   0
172   0.01
174   0
175   0
186   0
190   0
155   0.010001
206   0.01
196   0
205   0
203   0
202   0
181   0.01
176   0
197   0
197   0
212   0
213   0
219   0
197   0
207   0
216   0
216   0.009993
218   0
219   0.010001
225   0
211   0
219   0
214   0
216   0
230   0
218   0
233   0
233   0.010001
237   0
230   0.010001
231   0
222   0
239   0
239   0
231   0
245   0
260   0.01
257   0
225   0
251   0
260   0
252   0
249   0
246   0
257   0
281   0
